a:0011 1010 1000 0010 0011 0110 0001 1011
b:0100 0000 1010 0101 1110 1101 0000 0110

a:0  0111 0101  000 0010 0011 0110 0001 1011
b:0  1000 0001  010 0101 1110 1101 0000 0110

shift = 12

sig_a = 000 0010 0011 0110 0001 1011 000
sig_b = 01001011110110100000110000

after shift
sig_a = 0000 0000 0000 1000 0010 0011 011
sig_b = 1010 0101 1110 1101 0000 0110 000
res   = 1010 0101 1111 0101 0010 1001 011

sig_grs =   1 010 0101 1111 0101 0010 1001       011
                  1 010 0101 1111 0101 0010 1001

res = 0  1001 1101  111 0110 0101 0000 0100 0110




float add a = 170141203742878835383357727663135391744.000000, b = -170141203742878835383357727663135391744.000000, 
ua = 7f000001, ub = ff000001, 
res = 0, res_fpu = 800000, 
res = 0.000000, res_fpu = 0.000000

a = 0 1111 1110 000 0000 0000 0000 0000 0001
b = 1 1111 1110 000 0000 0000 0000 0000 0001




float add a = -0.000000, b = 0.000000, 
ua = 80400000, ub = 800000, 
res = 400000, res_fpu = c00000, 
res = 0.000000, res_fpu = 0.000000